100 100
2109 2140 2145 2111 2001 2255 2177 2186 2011 2155 1993 2459 2198 1891 1722 1903 1993 2329 2176 2262 1896 2079 2326 2012 1880 2177 1987 2191 2091 2066 2251 2219 1923 1746 2154 1961 2087 1773 2033 1913 2157 1962 2032 1803 2134 2053 2031 1984 1913 1964 2361 1869 2041 1938 2188 2253 2220 2042 1796 1878 2085 2372 2040 1944 1976 2115 2105 2199 1964 2010 2189 1952 2147 1954 2106 2046 1860 2155 2530 2060 2140 1913 1963 2150 1860 2184 1966 1864 2173 2145 2056 2010 1857 1767 2094 1935 2168 2120 1792 1865 
2274 2085 2271 2335 2122 2358 2468 2370 2197 2103 2359 2483 2417 2164 2054 2136 2201 2505 2324 2713 2211 2288 2605 2115 2094 2313 2296 2571 2269 2408 2609 2278 2277 2258 2479 2082 2247 2195 2218 2142 2588 2092 2137 2047 2284 2324 2133 2137 2051 2483 2543 2232 2181 2178 2426 2592 2540 2078 2217 2154 2543 2646 2352 2116 2233 2360 2422 2168 2225 2133 2561 2279 2342 2191 2298 2248 2152 2469 2617 2325 2310 2157 1937 2481 2180 2467 2217 2101 2300 2376 2207 2503 2182 2114 2489 2307 2555 2419 2157 2076 
1935 1829 1860 2057 1952 1972 2182 1906 1812 1823 1949 2267 2092 1733 1819 1947 1812 2088 2168 2125 2103 2111 2141 1925 1803 1905 1781 2202 1856 1936 2275 1886 1936 1982 2354 1718 1946 1910 1912 1734 2163 1832 1813 1807 2033 1901 2032 1936 1738 2002 2219 1929 1964 1876 2128 2058 2245 1791 1864 1809 2184 2076 1912 1871 1892 2056 1950 1991 2019 1914 2162 1887 2100 1946 1918 1989 1679 1993 1962 1924 2029 1829 1711 2212 1895 1892 1778 1731 1919 2120 1979 1914 1963 1911 2153 1987 2208 2091 1810 1869 
1945 1997 1996 2025 2072 1874 1856 2047 1756 1849 1851 2174 2032 1768 1899 1965 1764 2239 2265 2138 1878 1873 2030 1921 1635 2017 1796 2256 2058 1999 2129 1901 1789 1952 2126 1950 1938 1889 2064 1708 2085 1891 1978 1819 1988 1912 1740 1983 1817 1810 2081 1773 1894 1965 2013 2154 2064 2119 1856 1706 1975 2136 1829 1779 2100 2037 2029 2273 2192 2048 2105 1939 1991 2063 1999 1902 1925 1935 2213 1868 2053 1821 1717 2130 1820 2022 1810 1660 2021 2096 1919 1834 1981 1905 2065 2062 2330 1968 1863 1680 
2035 2290 2194 2130 1977 1969 2307 2231 2115 2083 2043 2497 2322 1933 1969 2029 2168 2363 2283 2274 2050 2071 2300 2019 1937 2043 1914 2244 2096 2395 2430 2189 2131 2134 2472 2040 2360 2179 2141 1902 2254 2081 2069 2028 2301 2093 1842 2157 1884 2132 2274 2013 2076 2093 2298 2305 2240 2133 2044 1915 2246 2483 2109 2186 2219 2091 2170 2068 2006 2030 2209 1985 2199 2210 2217 1917 2147 2215 2405 1877 2127 2139 2002 2391 2207 2427 2125 1881 2076 2333 2027 2343 2133 1861 2121 2200 2432 2269 2026 2016 
2128 2191 2192 2072 2320 2210 2221 2222 1946 1915 1894 2519 2183 2021 1935 2020 2021 2316 2222 2418 1986 1997 2368 2059 1952 2305 2095 2385 2182 2218 2314 2174 2246 2053 2460 2063 2200 2107 2214 2023 2421 1904 2178 2093 2324 2036 1981 2047 1991 2177 2305 2032 2076 1933 2345 2293 2248 2074 1979 1984 2324 2358 2218 1982 2041 2159 2118 2231 2159 2095 2257 2226 2204 2198 2293 2017 2010 2292 2472 2129 2129 2151 1926 2225 2104 2207 2052 1982 2325 2378 1999 2041 2145 2006 2301 2017 2232 2196 2034 1949 
1945 1876 1894 2047 1840 1999 2072 1920 1939 1918 1846 2146 1987 1809 1700 1929 1976 2162 2173 2102 1866 2087 2079 1679 1665 1825 1881 2046 2062 1982 2238 1971 1860 1759 2147 1978 2047 1895 1924 1837 2013 1899 1813 1880 1935 1926 1795 1931 1723 1758 2195 1911 1931 1844 2108 2167 2109 1991 1822 1792 2044 2201 1916 1831 1867 1960 2174 2075 1982 1867 2115 1852 2043 2065 2070 1885 2023 1986 2284 1897 1991 1715 1683 2235 1909 2182 1861 1730 1953 2039 1760 1857 1894 1732 1914 2104 2104 2037 1823 1878 
1824 1917 2053 1983 1878 1858 1934 1844 1705 1716 2130 2129 1884 1742 1544 1766 1801 2061 1930 2038 1888 1799 1984 1852 1572 1873 1640 2075 2045 1945 2100 1686 1896 1747 1975 1564 1834 1834 1768 1714 2087 1469 1805 1594 1920 1741 1816 1695 1733 1884 1937 1831 1902 1734 1844 2008 1900 1718 1851 1570 2017 2160 1919 1651 1799 1975 1790 1859 2008 1855 2048 1793 1856 1807 1818 1873 1881 1901 1972 1847 2011 1641 1660 1845 1845 1983 1778 1562 2090 2003 1816 1749 1733 1742 1805 1822 2035 1915 1621 1734 
1963 1830 1813 1915 1867 1905 2118 1926 1851 1822 2066 2257 2078 1844 1803 1813 1844 1932 1879 2014 1983 1803 1990 1954 1686 1928 1854 2061 1985 1917 2228 1933 1961 1629 1955 1729 2011 2061 2044 1801 1991 1754 1887 1858 2069 1685 1986 1903 1649 1981 2049 1898 1842 1813 1913 2147 2002 1841 1796 1782 2044 2083 1984 1655 1728 1754 1931 1898 1856 1844 2005 1867 2015 1970 1983 1848 1739 1877 2128 1829 1966 1755 1693 2103 1841 2283 2015 1685 1957 2167 1731 2047 1821 1790 2127 1957 2021 1995 1746 1612 
2064 2127 2064 2034 2050 2188 2238 2031 2006 2054 2100 2382 2142 1859 1909 2037 2036 2181 2150 2336 1867 2217 2310 2020 2044 2105 1833 2302 2145 2240 2333 2132 2158 1967 2242 2253 2221 1994 2118 1884 2161 2123 1921 1935 2089 2025 1980 1981 1915 1999 2242 1998 1920 2078 2173 2062 2335 2039 1785 1886 2143 2249 1904 2029 1913 2113 2060 1968 1974 1930 2292 2066 2246 2140 2021 2037 2030 2311 2406 1887 2170 1892 1902 2292 1862 2356 2121 1757 2182 2240 2181 2052 2036 1941 2218 2039 2296 2212 2020 1865 
2074 1817 1861 1979 1813 2004 1907 1977 1878 1891 1859 2151 1985 1843 1576 1760 1932 2279 2142 1977 1952 1722 2153 1721 1548 1945 1748 1993 2056 2071 2117 1735 1976 1791 2253 1744 2105 1890 1903 1778 1974 1641 1880 2055 1930 1896 1801 1733 1661 1793 1979 1992 1854 1836 2074 2036 2058 1803 1781 1768 1912 2132 1946 1839 1815 1876 1976 1953 1998 1751 2038 1798 2117 2058 1989 1933 1749 1952 2069 1748 1919 1772 1829 2021 1943 2026 1815 1823 2006 2078 1838 1825 1863 1587 1932 1869 2015 1916 1836 1713 
2009 1899 1956 1880 1898 1873 2230 2123 1900 1925 1952 2224 1991 1831 1965 1832 2007 2200 2177 2214 2019 1965 2222 1887 1761 1978 2038 2147 1915 1930 2129 1898 1944 1947 2163 1688 2027 1993 2064 1836 2167 1897 1787 1869 2036 1921 1801 1964 1737 2009 2277 1872 1959 1951 1953 2282 2134 1845 1818 1879 2259 2223 1851 1951 1945 2026 2178 2029 2035 1868 2133 2026 2163 2026 2009 1898 1933 2201 2254 2061 2031 2047 1670 1967 1960 2071 2104 1680 2104 2268 1874 2039 1953 1989 2128 2125 2183 2064 1733 1868 
2200 1973 2025 2243 2080 2245 2142 2056 2035 1908 2109 2417 2136 1988 1961 1933 2014 2359 2188 2435 1991 2100 2268 2076 1944 2181 1963 2382 2213 2178 2353 1963 2031 1859 2272 1960 2191 2045 2118 1907 2334 1998 1872 2001 2105 1879 2111 1970 2057 2165 2167 2122 2074 1960 2147 2398 2373 2173 1828 1971 2213 2335 2138 1968 1899 2128 2137 1969 2109 1993 2368 1903 2191 2149 2086 2058 1962 2161 2427 1927 2334 2037 1792 2125 2055 2215 2188 1849 2214 2434 1986 2310 2053 1854 2248 2138 2239 2345 1979 1878 
2211 1927 1967 2017 1969 1967 2213 1997 1811 1883 2071 2189 2120 1891 1629 1783 2067 2236 2137 2215 2002 1933 2238 1730 1705 1971 2115 2128 2004 1906 2280 2014 1891 1946 2134 1879 1924 2056 1878 1787 2113 1885 1930 1883 2091 1810 1975 1831 1904 2033 2118 1982 1976 1812 2059 2241 2063 1889 1810 1872 2099 2339 1974 1853 1885 1905 2132 2028 1899 1895 2019 2043 2109 1932 2029 1940 1804 1889 2314 2025 1999 1906 1713 2196 1992 2212 1833 1666 1959 2196 2013 1965 1885 1782 1949 1954 2134 2116 1860 1924 
1929 2126 2096 2066 2122 1907 2189 2074 2074 1928 1837 2279 2177 1865 2054 2018 1878 2285 2060 2333 2014 2081 2098 2051 1802 2040 1940 2196 2349 1965 2305 2172 2018 1907 2290 2071 2219 1931 2059 1980 2262 1951 2067 1975 2049 2044 1752 2088 1999 1951 2162 1927 2077 1929 2161 2302 2090 2019 2004 1874 2156 2325 2076 1808 1999 2035 2028 2165 2104 2080 2233 1954 2119 2230 2133 1902 1873 2144 2204 1922 2107 1933 1856 2361 2063 2222 2010 1852 2052 2291 1826 1992 1975 1931 2196 2078 1986 2172 1853 1862 
2180 2060 2009 2021 1992 2133 2328 2163 2042 1945 2131 2386 2093 2037 1941 1900 2103 2304 2204 2328 2056 2090 2367 1961 1931 2103 1980 2164 2149 2357 2447 2011 2126 2054 2321 2068 2196 2085 2065 1947 2249 2006 2050 2121 2279 1805 1986 2033 1876 2225 2329 2192 2170 2034 2116 2191 2256 1934 1849 1903 2305 2522 2065 1930 1956 2109 2166 2072 2101 2184 2324 2115 2212 2019 2096 2213 1930 2231 2442 2044 2135 2068 1882 2302 2067 2310 2091 1722 2177 2370 2164 2052 2104 1999 2268 2082 2339 2285 1861 1927 
1800 1788 1970 1954 1976 1780 1927 1804 1704 1811 1731 2043 1917 1573 1815 1751 1674 2091 1900 1959 1905 1814 1910 1898 1682 1935 1684 2037 2029 1982 2063 1936 1826 1691 1957 1708 1855 1868 1843 1830 1954 1781 1842 1696 1979 1835 1768 1904 1750 1898 2011 1742 1895 1652 1951 2137 2031 1773 1709 1603 1983 2058 1846 1702 1794 1749 1826 1996 1971 1745 2076 1724 1875 1915 1923 1800 1579 1936 2029 1863 1982 1742 1672 1960 1794 2154 1866 1549 1853 1952 1584 1741 1822 1696 1725 1759 1920 1876 1723 1657 
1802 1685 1948 1941 1768 1800 1990 1914 1661 1830 1904 2013 2014 1732 1805 1726 1722 2029 1767 2107 1825 1939 1912 1713 1680 1901 1762 2101 1931 1949 2129 1821 1828 1773 2151 1596 1837 1849 1863 1494 1931 1645 1807 1844 1848 1899 1658 1808 1674 1806 1924 1822 1813 1742 1939 2207 1993 1716 1766 1563 2107 2067 1811 1882 1825 1973 1934 1683 1990 1686 2057 1785 1947 1669 2032 1689 1786 1963 1929 1782 1888 1677 1555 2036 1789 2140 1839 1519 1758 1989 1791 1857 1823 1893 1927 1793 2068 1772 1796 1632 
1806 1870 1958 1909 1838 1778 2073 1983 1540 1768 1689 2020 1776 1788 1847 1580 1924 2025 1827 2065 1784 1756 1885 1799 1531 1716 1757 1979 1961 1889 2110 1799 1781 1702 2000 1720 1923 1661 1769 1592 1908 1893 1857 1696 1961 1759 1688 1889 1837 1860 1944 1820 1813 1725 1872 1936 1789 1720 1678 1764 1873 2122 1722 1810 1779 2049 1815 1965 2012 1723 2140 1796 2170 1720 1918 1805 1750 2085 2088 1774 1837 1804 1775 1887 1644 2155 1797 1525 1836 2197 1813 1887 1883 1783 1811 1748 1990 1886 1691 1688 
2073 2243 2200 2209 2185 2309 2075 2226 2073 2142 2282 2442 2219 1995 2092 2130 2105 2411 2188 2480 2013 2120 2310 2088 2108 2212 1925 2462 2205 2259 2333 2191 2250 2047 2248 2150 2117 2042 2270 1878 2352 2032 2139 2071 2188 2003 1908 2036 2038 2131 2420 2169 2065 2216 2288 2288 2425 2100 1992 1980 2365 2307 2028 1931 1976 2150 2057 2225 2400 1992 2448 2081 2326 2151 2225 1924 1987 2101 2449 2170 2326 2074 1964 2446 2004 2388 2159 1949 2160 2295 2090 2008 2196 2044 2085 2167 2368 2137 2080 2058 
2170 1949 2079 2051 1936 2080 2121 2183 1767 2041 2000 2102 1881 1759 1693 1805 2027 2305 2112 2160 1881 1980 2161 1766 1846 2074 1881 2221 2119 2144 2258 2030 1926 1861 2011 1918 1836 1939 2050 1758 2045 1827 1842 1881 2113 1922 1751 1779 1875 1984 2247 2004 1896 1855 2130 2146 2063 1951 1856 1819 2110 2342 1877 1855 1905 1884 1918 1942 1968 1865 2048 2031 2155 2035 1904 1884 1678 2002 2074 1993 2064 1872 1791 2098 1865 2199 1936 1670 2021 2047 2008 2056 2027 1793 2005 1948 2242 2055 1918 1925 
2134 1996 2062 2181 2132 2077 2182 2250 2022 2069 2071 2246 2099 1960 1964 1932 2059 2137 2152 2128 2023 2075 2387 2023 1937 1928 1961 2191 2205 2291 2278 2155 2035 1890 2290 1908 2095 1960 2062 1865 2151 1923 2009 2027 2190 1982 2103 2045 2034 2066 2274 2043 2056 2012 2104 2260 2187 1990 1860 1972 2307 2255 2062 2036 1969 2199 2196 2069 2189 2100 2127 2001 2219 2187 2320 2028 1988 2102 2392 2011 2136 2064 1843 2178 1976 2295 2024 1848 2060 2271 1964 2178 2033 2000 2287 1988 2274 2160 1901 1910 
1734 1902 1814 1945 1871 1830 1891 1904 1878 1858 1716 2147 2225 1623 1743 1835 1745 2071 1902 1968 1821 1854 2081 1814 1763 1858 1825 1986 1853 1996 2085 1982 1775 1726 2031 1822 1985 1857 1899 1805 1827 1880 1818 1748 2024 1904 1784 1956 1648 1885 1974 1604 1750 1815 2019 2091 2093 1734 1705 1658 1932 2094 1862 1649 1812 1810 1845 1982 1781 1830 1975 1754 1762 1862 2068 1711 1699 1953 2122 1810 1960 1723 1781 2099 1740 2113 1846 1644 1854 1888 1716 1844 1764 1695 1962 1796 2179 2005 1701 1575 
2138 2019 2076 2059 1964 1973 2125 1961 1803 1964 1995 2238 2009 1951 1740 1832 2076 2330 1960 2196 1980 2192 2425 1858 1749 2139 1846 2227 2005 2305 2270 2015 1994 1943 2197 1914 2068 1916 1993 1742 2141 1822 1906 1766 2166 2079 2000 1881 1753 2101 2166 2020 1910 1740 2007 2156 2098 1998 1829 1832 2288 2253 1905 1867 1994 2073 2041 1873 1846 1960 2352 1979 2103 2066 2087 1816 1809 2230 2129 1992 2111 1791 1606 2146 1910 2316 1971 1750 2042 2239 1962 2255 1703 1967 2084 1998 2140 2126 1782 1869 
2047 2150 2082 2133 1986 2201 2248 2119 2067 2028 2074 2223 2019 1960 1798 1893 2078 2285 2268 2262 2046 1979 2485 1982 1980 2024 2030 2204 2001 2141 2141 2184 2276 1949 2203 1933 2038 2209 2098 1855 2141 1952 2009 1982 2177 1920 1977 1929 1943 2094 2309 1983 2018 2092 2153 2354 2235 2047 1714 1996 2296 2235 1937 1967 1879 1965 2171 2119 2041 1914 2131 2121 2323 2138 2099 1996 1906 2102 2477 2007 2196 2171 1841 2139 2048 2207 2203 1893 2105 2272 2105 1964 2020 2022 2147 2053 2136 2140 1917 1897 
2113 2147 2208 2176 2284 2109 2265 2053 1975 2055 2194 2396 2271 1975 1885 2030 1965 2295 2250 2353 2080 2160 2291 2040 2123 2253 2061 2339 2228 2296 2306 2260 2049 1953 2274 2028 2244 2074 2169 1867 2369 2207 1973 1938 2154 2092 1994 2052 2048 2159 2255 2237 2126 2080 2291 2242 2341 2179 1992 1915 2373 2433 2159 2050 2161 2130 2080 2174 2071 2031 2241 2014 2324 2034 2250 2003 1948 2336 2432 2109 2175 2191 1982 2231 2063 2357 2148 1743 2251 2350 2122 2130 2040 1957 2254 2031 2260 2310 2109 2085 
2252 2321 2283 2389 2322 2241 2380 2453 2248 2305 2252 2431 2484 2255 2160 2315 2250 2614 2503 2624 2311 2230 2532 2219 2142 2347 2256 2441 2415 2412 2457 2354 2238 2348 2631 2227 2377 2314 2437 2075 2343 2206 2064 2354 2354 2260 2270 2297 2106 2160 2496 2274 2185 2346 2442 2733 2572 2268 2096 2047 2526 2717 2322 2290 2243 2240 2257 2429 2396 2274 2360 2459 2484 2395 2332 2308 2088 2343 2658 2244 2417 2223 1993 2519 2266 2532 2292 1944 2393 2475 2280 2441 2254 2207 2402 2538 2461 2495 2192 2208 
2051 2027 1987 2104 1943 2097 2150 2068 1939 2054 1987 2341 1960 1801 1729 1860 2077 2168 2146 2211 1917 1950 2084 1893 1807 2123 2023 2206 2133 2166 2213 2188 2007 1785 2112 1815 2073 1921 2142 1983 2241 1842 1790 1894 2103 2063 1939 1803 1742 2080 2028 1998 1818 1936 2094 2320 2178 1931 1863 1938 2057 2372 1958 1923 1922 1958 2027 2009 2108 1955 2102 2127 2221 1984 2073 2000 1872 2117 2338 2006 2072 1867 1835 2098 1940 2202 2092 1841 2205 2295 2007 2062 1886 1859 2089 2152 2150 2169 1879 1730 
1978 2011 2024 2114 2011 2046 2243 2141 1883 1980 1981 2341 2141 1767 1795 1897 1974 2107 2218 2208 2041 2034 2320 2004 1924 2002 1825 2286 1968 2079 2289 1980 2041 1965 2164 1868 1986 1891 1953 1776 2135 2048 1871 1804 2228 1917 1988 2042 1823 2014 2239 1935 1969 1978 2057 2016 2200 1982 1829 1807 2237 2128 1959 1904 1913 2018 2082 1996 2105 1926 2129 1870 2260 1924 2029 1933 1805 2182 2248 1964 2128 1913 1791 2052 1942 2118 2020 1691 1985 2077 2035 1969 2047 1680 2145 2006 2279 2024 1963 1849 
2003 1950 1957 2017 1831 1986 1938 1910 1902 1950 1865 2278 2031 1926 1824 1916 1984 2264 2104 2053 1968 1895 2217 2050 1728 1999 1899 2054 2064 2082 2170 1998 2033 1780 2204 1805 2008 1913 2145 1685 2125 1783 1831 1830 2125 1886 1924 1704 1627 1814 2016 1965 1995 1832 2143 2048 2147 1955 1781 1760 2195 2208 1862 1785 1886 2072 2037 1933 2057 1996 2077 1844 2155 2015 2131 1963 1798 2169 2294 1882 2091 1816 1723 2126 1949 2039 2018 1692 2253 2169 2072 2014 1932 2036 2304 2016 2204 2186 1662 1926 
1887 1973 1941 2023 1890 1800 1926 1935 1862 1735 2022 2127 1865 1758 1747 1750 1920 2189 1933 2095 1917 1869 2026 1877 1711 2000 1943 2018 1958 1981 2022 1923 1952 1752 2039 1826 1903 1940 2114 1742 2001 1618 1920 1811 1876 1882 1596 1978 1803 1951 2124 1810 1865 1794 1974 2173 2053 1925 1920 1642 2080 2223 1905 1885 1876 1962 1877 1827 1805 1876 2148 1834 1869 1845 2066 1967 1865 1829 2155 1936 1912 1878 1759 2198 1940 2169 1778 1658 1964 1995 1804 1874 1791 1854 1911 1983 2107 2067 1762 1704 
2395 2406 2393 2392 2198 2316 2545 2437 2352 2159 2266 2675 2463 2158 2151 2138 2502 2629 2362 2654 2307 2289 2635 1975 2054 2427 2372 2641 2333 2374 2723 2239 2215 2168 2454 2234 2460 2380 2411 2180 2465 2201 2210 2302 2486 2212 2088 2353 1960 2362 2465 2372 2211 2178 2481 2614 2515 2334 2116 2172 2437 2712 2419 2122 2322 2427 2352 2432 2355 2280 2619 2314 2437 2278 2435 2303 2202 2502 2622 2235 2389 2238 2049 2505 2307 2636 2475 2045 2398 2686 2224 2439 2290 2127 2532 2534 2667 2539 2246 2105 
2049 2022 2011 1992 2077 2082 2170 2171 1953 2028 1975 2245 2078 1860 1993 1968 1899 2128 2214 2394 1973 2105 2145 1970 1939 2139 2015 2167 2160 2139 2338 2016 1878 1758 2256 2057 2119 1934 2180 1784 2103 1977 2050 1790 2072 1859 1868 2036 1974 1971 2223 2119 2008 2023 2208 2273 2302 1919 1918 1822 2215 2368 2050 1947 1937 2092 2023 2118 2189 2056 2374 1859 2211 2008 2186 1990 1951 2052 2412 1984 2102 1882 1836 2136 1864 2223 2064 1715 2056 2270 1998 2027 2088 1817 2156 2087 2321 2092 1796 1929 
2256 2189 2196 2520 2255 2349 2300 2379 2071 2236 2204 2595 2347 2080 2137 2043 2228 2569 2375 2557 2368 2212 2508 2240 2137 2407 2129 2475 2316 2435 2479 2166 2207 2132 2493 2089 2435 2156 2247 2052 2546 2141 2234 2187 2264 2243 2205 2296 2079 2236 2396 2090 2305 2124 2558 2559 2454 2261 1942 2094 2359 2609 2367 2151 2198 2432 2274 2311 2274 2210 2347 2190 2328 2261 2359 2138 1955 2348 2587 2155 2366 2266 1868 2401 2239 2413 2123 2019 2273 2440 2237 2358 2099 2110 2344 2300 2515 2416 2202 2049 
1821 1970 1986 2055 1802 2028 2136 2030 1764 1835 1821 2156 1973 1719 1865 1821 1920 2091 2082 2134 1811 1852 2044 1957 1755 1996 1767 2175 2038 1791 2240 1845 2017 1708 2027 1824 1967 1868 2115 1840 2008 1903 1823 1886 2090 1728 1767 1937 1914 2020 2016 1729 1878 1952 2071 2087 1993 1813 1813 1831 2007 2245 1962 1787 1947 1813 1944 1988 1969 1939 2118 1899 2011 1947 1847 1816 1632 2124 2146 1793 2179 1856 1740 2122 1848 2135 2021 1820 1998 2207 1881 1948 1863 1847 1985 2161 2085 2047 1866 1593 
1983 1931 1841 2096 1873 1938 2052 1891 1770 1857 1784 2271 1854 1749 1725 1578 2111 2096 1956 1912 1936 1942 1952 1949 1776 1944 1830 2041 2001 2227 2268 2048 1988 1806 2084 1770 2007 1872 1845 1809 2011 1895 1801 1746 2184 1796 1928 1790 1642 2013 2054 1823 1869 1652 2160 2034 2032 1787 1764 1740 1913 2122 1849 1868 1841 1914 1849 1910 2008 1902 1996 1887 2145 1896 2035 1996 1621 1920 2143 1857 2053 1790 1804 2043 1922 2065 1950 1537 1983 2232 1958 1929 1879 1683 1889 1727 2104 2038 1791 1846 
2049 1880 1958 1939 1906 2070 2159 1860 1843 1904 1853 2102 2002 1910 1776 1818 1947 2067 2175 2293 1812 2077 2041 1824 1783 2029 1911 2250 2038 1948 2419 2029 1885 1833 2196 1786 1895 1848 1948 1740 2191 1911 1820 1696 1871 1867 1816 1981 1877 2125 2231 1966 2049 1831 2090 2076 2294 1957 1855 1790 2208 2271 2024 1764 1827 2045 2146 1902 2067 1877 2041 1930 2042 2025 1942 1899 1838 2062 2270 1978 1948 1864 1567 2121 1887 2087 1989 1588 1960 2070 1906 2089 1934 1707 2083 2010 2087 2049 1822 1728 
2154 1960 2005 2184 1985 2177 2360 2237 2004 2024 1990 2419 2152 1955 1975 2013 2021 2205 2034 2441 2082 2205 2273 1997 1949 2140 2155 2463 2269 2225 2479 2102 1998 2028 2438 1981 2237 2095 2089 2053 2233 2045 1946 2020 2155 2053 1946 2051 1894 2110 2299 2088 2186 2056 2237 2310 2384 1873 1976 1891 2270 2620 2264 2062 1942 2006 2267 2109 2218 2070 2425 1868 2184 2094 2236 2044 1857 2350 2434 2115 2084 1831 1876 2254 2113 2308 2149 1973 2123 2198 1997 2131 2103 1842 2266 2103 2302 2174 2098 1971 
1966 1855 1838 1899 2015 1807 2049 1947 1792 1869 1928 2170 1980 1707 1756 1645 1813 1956 1929 2033 2006 1907 2073 1913 1650 1935 1782 2134 1756 1890 2113 1939 1811 1687 2005 1760 1982 1950 1845 1626 1997 1715 2093 1800 1995 1662 1895 1964 1777 1848 1997 1911 1897 1808 1990 1984 1928 1845 1682 1806 1973 2006 1835 1711 1736 1943 1940 1890 1815 1702 1875 1845 2016 2005 1924 1737 1627 1744 2096 1754 1951 1879 1714 2170 1817 2147 1764 1534 1801 1969 1892 1885 1813 1687 1947 1762 2050 1981 1797 1773 
1957 2041 1932 1896 2064 1972 2018 1905 1924 1936 1901 2196 2041 1879 1793 2023 1963 2095 1978 2312 1688 1944 2155 1739 1769 1942 1843 2086 1900 1960 2242 2001 1999 1826 2306 1905 2021 1930 2022 1759 2003 1763 1899 1728 2087 1886 1819 2040 1783 1884 2163 1883 1753 1907 2108 2016 2029 1923 1733 1748 2221 2195 1905 1811 1941 2051 2037 1978 1872 1929 2033 2040 2110 1975 2019 1726 1855 2024 2265 1856 1911 1796 1624 2151 1897 2140 1782 1724 1904 2007 1911 2086 1944 1859 2102 1954 2223 2109 1821 1870 
2022 1990 2074 2084 1889 2066 2090 1917 2043 1996 2056 2174 2117 2097 1773 1873 1998 2298 2135 2130 2044 2151 2109 1792 1814 2097 1968 2210 2097 2054 2272 1990 2019 1927 2107 1853 2103 1968 1920 1928 1978 1975 1860 1916 2086 1778 1962 1911 1818 2106 2330 2052 1971 1956 2163 2199 2150 1892 1779 1827 2033 2311 1978 1919 1897 2002 2060 1986 1939 2101 2195 1927 2165 2047 2082 1935 1884 2087 2258 1980 2118 1986 1870 2307 1999 2261 2147 1784 2119 2229 1911 2008 1826 1871 2060 2073 2092 2100 1798 1789 
2186 1976 2032 2127 2147 2199 2182 2041 2076 2047 2053 2367 2088 1787 1829 1977 2153 2286 2294 2191 2054 1994 2277 1997 1961 2203 2007 2236 2041 2250 2262 1996 1932 1916 2146 1888 2115 2195 1910 1994 2275 2081 1953 1816 2201 1931 2111 1969 1863 2208 2372 2064 2160 1985 2164 2324 2290 2118 1710 1914 2121 2397 1816 2021 1980 2014 2196 2005 2043 2006 2109 2093 2384 2138 2111 1971 1838 2138 2414 2036 2211 2081 1753 2148 1835 2116 2036 1854 2090 2160 2069 2100 1883 1930 2014 2069 2324 2113 1978 1933 
2323 2316 2446 2338 2318 2280 2470 2272 2331 2245 2145 2530 2362 2003 2093 2166 2247 2558 2591 2553 2208 2386 2419 2294 2067 2423 2087 2466 2303 2523 2776 2270 2330 2276 2437 2273 2326 2414 2269 2099 2387 2234 2331 2213 2376 2194 2149 2332 2232 2300 2374 2223 2221 2129 2444 2509 2401 2312 1980 1972 2353 2698 2211 2124 2239 2490 2351 2303 2236 2255 2405 2299 2368 2331 2327 2328 2177 2350 2594 2278 2363 2322 2106 2681 2293 2526 2307 1800 2420 2489 2355 2384 2423 2132 2371 2249 2630 2420 2280 2106 
2052 2119 2167 2300 2133 2278 2183 2239 1973 2160 2148 2211 2081 2072 1881 2082 2165 2300 2244 2363 2110 2146 2324 2095 1920 2142 1976 2263 2240 2317 2340 1981 2191 1805 2321 1925 2217 2031 2182 1893 2154 1886 1981 2106 2046 2008 2042 2094 2067 2110 2231 2197 2201 2064 2197 2298 2213 2074 1921 2021 2243 2440 2117 1942 1969 2313 2054 2062 2022 2025 2267 2090 2323 2104 2215 2105 2085 2274 2422 1920 2183 1962 1914 2284 1948 2408 2090 1768 2280 2302 2116 2204 2117 2063 2203 2154 2210 2212 1868 1825 
2351 2269 2263 2493 2245 2346 2501 2427 2251 2343 2175 2586 2417 2203 2148 2278 2252 2509 2392 2579 2239 2351 2570 2200 1992 2414 2241 2514 2252 2534 2673 2386 2310 2241 2577 2123 2298 2347 2376 2066 2553 2185 2187 2273 2490 2453 2116 2452 2129 2517 2612 2161 2281 2353 2479 2528 2421 2360 2232 2124 2709 2837 2202 2151 2248 2354 2381 2408 2303 2357 2533 2379 2447 2332 2399 2292 2287 2446 2614 2319 2313 2316 2123 2438 2291 2535 2367 1963 2385 2440 2122 2290 2327 2279 2263 2386 2552 2471 2114 2076 
1939 1884 1903 1847 1822 1867 1893 1899 1880 1772 1922 2181 1941 1791 1865 1865 1907 2050 1890 2051 1935 1967 1949 1894 1821 2012 1880 2045 1846 2099 2090 1931 1866 1759 1997 1791 2063 1963 2004 1779 1976 1852 1762 1781 1987 1661 1863 1845 1595 1976 2052 1965 1760 1849 1897 2053 2135 1779 1760 1802 1988 2223 1733 1867 1816 1760 1894 1743 1804 1890 1950 1776 2003 1866 1963 1784 1740 1965 2106 1768 1854 1905 1676 2165 1778 2157 1926 1753 1866 1944 1826 2217 1798 1805 1807 1908 1969 1964 1663 1688 
2312 2281 2351 2475 2255 2270 2636 2359 2100 2217 2191 2468 2273 2130 2094 2136 2372 2579 2526 2554 2399 2389 2399 2162 2056 2345 2340 2559 2421 2359 2622 2121 2150 2146 2579 2155 2414 2327 2378 2152 2548 2215 2219 2127 2478 2271 2212 2340 2211 2446 2435 2299 2339 2186 2391 2627 2508 2191 2137 2092 2441 2649 2260 2086 2350 2395 2286 2310 2289 2216 2563 2327 2407 2174 2444 2205 2203 2465 2551 2285 2403 2206 2049 2589 2356 2523 2272 1968 2366 2593 2198 2469 2261 2198 2305 2303 2549 2438 2089 2049 
1994 2011 1886 2015 1937 1932 1985 2058 1883 1957 1758 2298 2061 1794 1907 1860 1819 2116 2014 2284 1816 1886 2038 1946 1670 2013 1701 2074 1973 2004 2128 1998 1847 1731 2195 1848 2101 1824 2013 1806 2115 1947 1946 1777 1953 1874 1830 1955 1740 1887 2072 1804 1809 1747 2006 2196 2049 2023 1795 1866 2022 2190 1826 1701 1804 2029 1927 2034 2011 1853 2085 1968 2052 1883 2025 1942 1885 1971 2306 1881 1970 1978 1623 2115 1953 1973 2013 1557 2009 2114 1714 2028 1926 1868 2046 1888 2058 2068 1789 1653 
2075 2114 2049 2105 1951 2038 2299 2055 1897 1827 1995 2374 2089 1839 1940 1905 2071 2107 2193 2320 1961 2005 2291 1960 1756 1973 1776 2157 2020 2141 2351 2072 2042 1983 2273 1981 2052 1958 1921 1963 2390 1934 2025 1817 2247 2044 1917 2059 1819 2076 2376 2000 2148 2006 2023 2185 2056 1938 1911 1732 2277 2202 1976 1896 1959 2146 2156 2138 2112 1889 2229 2062 2283 1835 2156 1981 2088 2143 2371 2033 2071 2111 1815 2294 2053 2183 1855 1663 2037 2272 2006 2067 2048 1866 2117 1980 2333 2180 1848 1818 
2097 2103 1955 2077 1939 2036 2084 1955 1842 1968 2018 2212 2098 2044 1877 1911 1942 2296 2099 2146 2012 1941 2289 1809 1793 2096 1901 2085 2038 2188 2234 2013 2059 2039 2269 2005 2030 2044 2138 1809 2139 1793 1843 1931 2194 1992 1924 1877 1930 2032 2156 1920 2008 2064 2188 2230 2080 1990 1870 1948 2116 2340 2049 1826 2009 2004 1947 2111 1967 2093 2195 2038 2103 2083 1941 2035 1785 1989 2316 1938 1998 1914 1822 2118 2063 2066 1964 1733 2072 2186 1987 1933 1918 1929 2208 1996 2215 2074 1766 1882 
2008 2088 2051 2196 2063 1973 2329 2118 2045 1946 2111 2310 2022 2016 1916 1927 2147 2281 2218 2303 2018 1887 2186 1923 1828 2070 1952 2252 2074 2012 2327 2152 2093 2070 2334 1902 2089 2105 2135 1933 2324 2001 2001 1927 2157 1974 2015 2071 1793 2213 2293 2050 1964 2013 2212 2253 2194 2007 2062 1839 2266 2274 1987 1746 2178 2147 2195 2286 2117 1996 2027 2292 2283 2113 2087 2237 1834 2174 2352 2119 2166 2004 1860 2287 2184 2151 2045 1693 2234 2195 2001 2086 2067 1888 2243 2077 2265 2226 1875 1985 
2313 2160 2155 2339 2295 2348 2381 2211 2204 2232 2151 2445 2295 2104 1992 2204 2061 2557 2359 2466 2288 2249 2462 2109 1984 2171 2169 2421 2275 2223 2513 2111 2172 2041 2372 2135 2274 2264 2132 2194 2341 2130 2090 2113 2334 2068 2152 2385 2138 2344 2640 2239 2272 2331 2400 2412 2481 2170 1956 2093 2329 2604 2183 2173 2076 2126 2335 2402 2245 2211 2422 2137 2318 2308 2209 2283 2087 2332 2491 2103 2379 2071 2154 2309 2112 2336 2217 1985 2245 2159 2091 2196 2228 1963 2172 2293 2402 2331 2055 2070 
2115 1831 2110 2137 1988 2079 2156 1889 1847 1991 2124 2216 1958 1819 1893 1978 1970 2200 2053 2172 2069 1970 2125 1855 1926 2067 1847 2160 2092 2048 2168 1879 1927 1890 2047 1873 2004 2084 2059 1719 2129 1900 1880 1792 2047 1915 1957 1909 1925 2138 2161 1975 1933 2051 2009 2222 2243 2005 1809 1710 2142 2255 1933 1919 1963 2027 1899 1906 2018 1940 2110 2007 2044 1922 2065 1868 1923 2077 2217 1967 2088 1783 1718 2079 1847 2280 1903 1687 2002 2113 1896 1983 1858 1828 1905 2082 2207 2101 1819 1978 
2124 1983 2267 2141 1960 2030 2232 2078 2034 2002 1953 2240 2075 1858 1651 1897 2168 2298 2178 2293 1931 2016 2209 1805 1725 2128 1989 2140 2203 1957 2221 2057 2028 1751 2229 1918 2208 2016 2241 1877 2051 1922 1965 1915 2018 1986 1952 1964 1842 2071 2213 2026 1920 1772 2142 2330 2232 1980 1904 1962 2200 2299 2006 1824 2007 2181 1912 1966 1869 1975 2024 2197 2156 2061 2087 2057 1908 2249 2225 1819 2048 1831 1810 2188 1869 2333 1986 1783 2058 2241 1939 2138 1806 2005 2139 2107 2186 2228 1759 1847 
1979 1866 1842 2089 2051 2030 2017 1912 1792 2010 2003 2184 2031 1904 1829 1847 1841 2255 2051 2056 1930 1891 2072 1911 1977 1917 1997 2166 2068 2197 2196 2175 2153 1802 2137 1931 1960 1809 2132 1696 2103 1954 1813 1932 1925 1832 1743 1704 2011 2072 2115 1917 2034 1927 2127 2069 2335 1982 1722 1990 1967 2300 1962 1994 1923 1892 1937 1931 2042 1835 2163 1843 2059 2036 1898 1865 1764 1998 2331 1869 2038 1887 1911 2123 1910 2105 1902 1791 1928 2150 1949 1934 1890 1903 1978 1917 2039 2021 1716 1812 
1688 1756 1876 1888 1795 1774 1861 1835 1564 1669 1731 1961 1907 1850 1679 1684 1635 2001 2018 1908 1889 1722 2080 1715 1553 1855 1806 2010 1896 1894 1919 1747 1686 1787 2106 1615 1889 1628 1718 1560 1934 1717 1697 1701 1774 1765 1743 1624 1673 1798 1900 1592 1812 1769 1893 2081 1882 1820 1644 1648 1915 2008 1809 1699 1803 1841 1921 1854 1834 1743 1847 1678 1818 1832 1913 1823 1704 1947 2169 1669 1898 1604 1549 1895 1773 2016 1663 1597 1935 2017 1733 1691 1550 1823 1841 1780 1958 1912 1549 1550 
2067 2079 2197 2267 1981 2204 2319 2317 1923 2034 2119 2381 2149 1872 1832 1862 2013 2383 2423 2262 2074 2058 2095 2002 1879 2114 1977 2294 2332 2168 2393 2291 2082 1909 2301 1972 2159 1996 2126 2032 2337 2092 2140 1996 2125 1866 2026 2182 2042 2253 2320 2046 2124 2102 2243 2295 2280 2087 1921 2090 2172 2370 2074 1950 1960 2049 2091 2121 2112 2069 2168 2070 2324 2225 2146 2093 1967 2176 2427 1937 2253 2081 1949 2220 2037 2301 2114 1810 2080 2406 1949 2237 2131 1867 2277 2157 2213 2193 1893 1895 
1949 1817 2003 2000 1992 2022 2178 2176 1718 1890 1915 1999 1837 1908 1812 1810 1925 2055 2046 2134 1934 1907 2121 1849 1778 1977 1850 2243 2079 2059 2019 1989 1922 1778 2216 1809 1912 1817 2061 1763 2075 1765 1835 1788 2109 1873 1989 1872 1923 2031 2116 1908 1818 1951 2053 2321 1916 1822 1736 1823 2256 1930 1831 1879 1910 1830 2028 1888 1884 1882 2008 2039 2140 1912 2152 1908 1846 1927 2281 1743 2132 1786 1681 2107 1921 2217 1964 1793 2029 2293 1972 2010 1895 1810 1989 1860 2071 2110 1787 1966 
2089 2042 2196 2018 1960 2202 2111 2249 1871 1977 2015 2226 2070 1863 1969 2015 2041 2266 2219 2261 1776 1982 2288 1926 1966 2121 2010 2167 1995 2173 2185 2115 2072 1843 2122 2001 1965 2039 2308 1796 2026 2010 1977 1845 2201 1929 2034 2011 1854 1957 2211 1898 1929 1957 2157 2347 2214 1872 1686 1982 2214 2282 1998 2005 1969 2077 2142 2071 2169 2220 2204 2032 2006 2033 2197 2008 2004 2125 2419 1999 2140 1893 1710 2205 1853 2176 2237 1837 2195 2267 2019 1935 2009 2019 2173 2082 2261 2060 1908 1785 
1630 1662 1916 1720 1535 1722 1722 1629 1682 1692 1791 1843 1676 1597 1543 1715 1761 1871 1871 1940 1605 1600 1925 1570 1454 1683 1646 1815 1812 1666 1888 1652 1716 1643 1726 1451 1849 1679 1594 1485 1659 1524 1663 1533 1787 1500 1600 1511 1575 1677 1813 1759 1685 1677 1785 1948 1741 1675 1560 1647 1955 1802 1708 1602 1762 1641 1690 1725 1653 1615 1703 1762 1795 1783 1678 1682 1593 1824 1920 1641 1755 1510 1445 1709 1624 1910 1646 1500 1743 1867 1766 1702 1550 1652 1799 1781 1804 1865 1499 1571 
1936 2136 1964 1877 2023 2009 2123 2111 1979 2033 1824 2258 2096 1900 1883 1816 1760 2059 1989 2065 2012 2054 2047 2003 1852 1966 1988 2168 1954 2129 2205 2081 1989 1784 2183 1965 2049 1911 2013 1826 2052 1947 1747 1962 2081 1855 1803 1893 1733 2027 2032 1899 1840 1892 2023 2101 2050 1966 1862 1914 2128 2326 1818 2023 1731 1882 2026 1985 1929 2050 2032 1851 1979 2072 2102 1894 1816 2026 2315 1896 2131 1957 1804 2097 1972 2240 1986 1718 2140 2068 1915 2055 1808 1842 2121 2065 2078 2195 1694 1713 
2002 2026 2058 2090 2050 2149 2080 2037 2110 1959 2032 2291 2148 1880 1828 1989 2050 2268 2161 2246 2040 2042 2051 1862 1756 2280 1756 2256 2140 2111 2304 2009 2041 1887 2250 1923 2178 2068 2118 1970 2225 1793 2006 2074 2004 1965 1844 2097 1773 1867 2160 2072 2000 1775 2236 2376 2093 2037 2023 1707 2224 2283 2019 1904 1999 2075 2012 2218 2098 1924 2260 2015 2185 2082 2113 2034 1872 1913 2237 1903 2170 2044 1918 2335 2035 2338 1990 1872 2077 2251 1993 1944 2120 1801 2026 2068 2432 2125 1889 1797 
1965 2196 2116 2326 2151 2054 2297 2243 2015 2044 1923 2404 2094 1900 1926 1894 1980 2190 2085 2405 2067 2112 2184 2087 1965 2113 2009 2357 1929 2203 2344 2307 1977 2002 2129 1945 2084 2139 2152 1917 2131 2113 2142 1922 2301 2033 1978 2339 1924 2121 2203 1972 1950 1957 2246 2434 2218 2034 1677 1824 2178 2398 2081 2031 2039 2180 2130 2224 2124 2243 2327 1901 2150 2058 2187 2075 1806 2052 2342 2089 2197 2121 1857 2318 2114 2236 2314 1802 2083 2301 2035 2106 2107 1892 2182 2295 2357 2271 2061 1821 
1910 1798 1756 1994 1786 1969 1981 1850 1791 1761 1976 2155 1844 1769 1654 1757 1953 2222 2013 2105 2060 1901 2051 1756 1673 1930 1824 2004 1736 2042 2054 1846 1876 1868 2141 1806 1917 1916 1740 1752 1959 1763 1880 1770 1976 1744 1935 1922 1556 1934 2071 1960 1819 1879 1983 2124 2065 1898 1766 1805 1945 2136 1944 1793 1763 1884 2020 1935 1864 1889 2034 1841 2020 2034 1921 1801 1664 1819 2115 1809 1947 1688 1758 2094 1904 2064 1801 1769 1757 2101 1782 1871 1851 1520 1895 1870 2099 2059 1663 1774 
1901 2065 2129 2163 1986 1928 2056 2026 1849 1878 1979 2248 2174 1937 1809 2015 1850 2390 2069 2360 1851 1953 2202 1851 1685 1968 1995 2222 2119 2128 2267 2182 2027 1983 2129 1922 1949 1969 1968 1791 2227 1942 1974 1873 2094 1919 1896 1943 1947 2013 2177 1880 1997 1872 2163 2263 2178 1989 1750 1769 2182 2378 1939 1762 2020 2011 2006 2230 2081 1873 2312 1949 2099 1977 2027 1925 1927 2059 2281 1984 2071 1902 1780 2160 1912 2144 1965 1743 2110 2105 1921 1908 2056 1949 2005 2147 2229 2026 1916 1755 
1905 1718 1853 1993 1661 1792 1953 1852 1808 1744 1742 2117 1803 1670 1633 1715 1958 2172 1921 2163 1775 1877 2056 1754 1645 1817 1855 1976 1930 1987 2220 1884 1943 1733 1982 1663 1940 1808 1836 1581 1964 1814 1769 1663 1881 1832 1693 1879 1620 1808 1993 1791 1721 1573 1976 2020 1939 1772 1735 1702 2086 2151 1644 1573 1761 1908 1898 1831 1842 1669 2057 1886 2021 1771 1886 1681 1729 1818 2090 1733 1803 1997 1628 1983 1868 2130 1892 1539 1740 1888 1749 2024 1866 1659 1874 1746 2022 2074 1743 1871 
1873 1848 1741 1830 1885 1945 1896 1841 1851 1757 1745 2109 1871 1741 1682 1835 1907 2091 1882 2049 1803 1850 2009 1735 1646 1787 1715 1965 1846 2073 2168 1843 1840 1730 2052 1854 2075 1773 1786 1924 2082 1806 1696 1724 1938 1887 1751 1864 1650 1849 2264 1733 1849 1589 1885 2006 1982 1653 1812 1626 1864 2215 1778 1759 1782 1982 1899 2021 1871 1809 2195 1894 1959 1846 1921 1798 1844 1890 2082 1876 1837 1849 1661 1985 1819 2063 1810 1666 1925 2055 1719 1907 1845 1789 1800 1722 1950 1846 1682 1572 
2188 1980 2178 2190 2158 2136 2034 2230 1858 2069 2047 2446 2177 1988 1837 1988 2011 2453 2176 2228 2269 2100 2219 2146 1973 2126 2088 2329 2179 2252 2157 2042 2059 1954 2307 2131 2125 2056 2203 1962 2219 1990 1979 2203 2155 1984 1969 1924 1929 2086 2244 2069 2140 2016 2135 2251 2283 1976 1904 2011 2183 2281 1991 2109 2019 2005 2086 2036 2050 2023 2184 2060 2056 2243 2106 1984 1822 2260 2317 1972 2167 1926 1916 2254 2094 2262 1959 1936 2202 2205 1977 2005 1914 1973 2148 2080 2278 2237 1998 1939 
2084 2002 2091 2233 2194 2060 2228 2190 2064 2161 2093 2341 2092 2015 1982 2012 2034 2325 2267 2407 2184 2155 2330 2113 2003 2151 2089 2369 2352 2413 2320 2167 2063 2000 2378 2153 2218 1993 2149 1903 2402 2156 2016 2069 2164 1924 2107 2117 2054 2127 2282 2207 2115 2139 2239 2438 2252 1975 2053 2017 2332 2500 2133 2030 2178 2202 2229 2016 2111 2105 2208 2119 2250 2127 2228 2205 1989 2186 2512 2043 2170 2115 1905 2309 2153 2341 2118 1819 2168 2310 2173 2249 2034 1973 2196 2211 2416 2271 2126 2103 
1921 2022 2173 2070 1882 2047 2059 2140 1889 1992 1889 2088 2071 1812 1803 2010 1906 2261 2109 2305 2044 1915 2183 1850 1744 1932 1928 2077 2034 2079 2170 1959 1875 1964 2148 1820 1901 2011 2090 1774 2102 1838 1943 1829 2095 1833 1842 1960 1965 1947 2164 1882 2009 1960 2091 2113 2058 1952 1807 1801 2066 2358 1993 1911 2014 2076 1964 1937 1925 1924 2172 1892 1953 1929 2192 1810 1926 2090 2316 1840 2191 2044 1864 2314 2057 2318 1887 1752 1968 2066 1804 2116 1887 1825 1983 2097 2233 2126 1869 1809 
2065 2040 1914 2083 2090 2013 2101 2185 1883 2100 1902 2290 1992 1829 1885 1878 1928 2248 2058 2103 1832 1954 2214 1995 1788 2075 1911 2259 1947 2171 2210 2048 2070 1810 1985 2041 2167 1844 2131 1925 1857 2012 1918 1958 2071 1952 1927 2067 1768 1899 2128 1868 1728 1815 1981 2250 2070 1997 1823 1998 2102 2306 1850 1895 1965 2080 1957 2102 1997 2034 2087 2095 2071 2117 2100 1956 1848 2086 2281 1902 2005 1925 1856 2068 1747 2207 2112 1748 2096 2083 1963 1981 2033 1911 2066 2072 2222 2132 1828 1889 
2132 1971 2243 2158 2011 2047 2179 2062 1821 2068 1827 2285 2205 1763 1851 2045 2058 2272 2220 2428 2116 1976 2182 1926 1806 2213 2056 2143 2113 2167 2283 2076 1973 1962 2227 2082 1991 2097 2007 1813 2291 2020 2101 2087 2186 2090 1852 2052 2006 2116 2243 2048 2105 1979 2219 2393 2144 2055 1845 1864 2094 2352 2104 2024 2002 2077 2076 1977 1958 1882 2137 2048 2188 2163 2145 1994 1868 2153 2329 1883 2071 1996 1889 2293 2086 2401 1933 1788 1996 2266 1888 1961 1896 1843 1965 2095 2330 2270 2026 1795 
1913 1777 1780 1922 1766 1971 2040 1876 1740 1777 1805 2229 2019 1749 1833 1773 1793 1954 2001 2040 1770 1888 2113 1858 1811 1988 1823 1974 1914 1993 2210 1862 1968 1709 2049 1760 1974 1715 1909 1558 1964 1888 1802 1759 1929 1676 1825 1836 1663 1860 1980 1862 1652 1657 2015 2003 1999 1841 1716 1843 2093 2266 1872 1766 1763 1846 1865 1917 1952 1810 2063 1797 2022 1764 1862 1751 1620 1908 2121 1816 1911 1812 1645 1921 1819 1975 1917 1535 1896 2057 1850 1864 1899 1801 2021 1813 2045 2020 1659 1725 
2204 2226 2176 2300 2217 2094 2358 2353 2094 2200 2104 2444 2199 1988 1955 2041 2214 2399 2390 2424 2336 2187 2401 2160 1987 2331 2162 2367 2259 2346 2514 1958 2243 2276 2541 1920 2374 2207 2225 2010 2394 1980 2127 2248 2234 2175 1988 2193 1972 2273 2264 2099 2131 2162 2223 2421 2369 2053 2141 1962 2330 2547 2248 2132 2222 2391 2159 2214 2314 2161 2279 2317 2289 2168 2282 2309 1970 2276 2352 2254 2229 2119 1943 2334 2280 2354 2083 1806 2285 2488 2158 2100 2131 2145 2212 2222 2482 2246 2117 1919 
1992 1878 2032 2094 1876 2131 2205 2079 1805 1879 1887 2277 1947 1831 1807 1909 2108 2238 2131 2038 1996 1871 2269 1696 1771 1827 1765 2150 2106 2035 2155 2021 2061 1880 2173 1947 2122 1935 2095 1871 2202 1984 1813 1840 2064 1945 2003 1973 1816 1944 2275 1894 1883 1852 2075 2196 2029 1987 1829 1885 2154 2149 1798 1895 1809 1992 1896 2068 1981 1800 2203 1934 2255 2086 2041 1964 2001 2012 2250 1903 2027 1976 1783 1974 1939 2193 2041 1846 2087 2218 1817 1949 2031 1799 2074 1982 2111 2059 1831 2023 
1937 1790 1944 1968 1793 1848 1946 1708 1610 1825 1855 2012 1938 1703 1624 1729 1906 2120 2001 1972 1978 1811 1958 1670 1592 2086 1775 1945 1911 1809 2037 2004 1954 1748 1941 1684 1720 1970 1904 1708 1978 1685 1875 1645 1922 1707 1730 1729 1622 1787 2007 1824 1886 1736 2040 2102 1810 1783 1718 1711 1942 2039 1830 1671 1856 1775 1984 1871 1934 1654 1915 1977 2038 1951 1849 1899 1613 1781 2126 1949 1908 1797 1657 2055 1881 1983 1807 1555 1835 2001 1824 1682 1659 1745 1844 1738 1976 1884 1742 1692 
2207 2138 2180 2136 1955 2173 2313 2253 2057 1973 1975 2353 2266 2042 1904 2072 2138 2296 2279 2311 2133 2097 2321 1899 1825 2140 2010 2290 2142 2168 2303 2003 1949 1960 2425 2066 2255 2171 2129 2012 2304 2091 1887 2057 2154 2199 1971 2114 1894 2139 2332 2076 2070 1993 2216 2389 2160 2125 1979 2024 2350 2418 2033 1842 1997 1967 2139 2335 2057 2029 2388 1999 2287 2101 2219 1999 1932 2168 2343 2051 2007 1938 1725 2250 2093 2272 2107 1970 2060 2230 1815 2043 2080 1981 2195 2158 2308 2006 1947 1883 
2098 1961 1859 2013 2051 1952 2023 1902 1744 1896 1876 2140 2033 1865 1773 1880 1916 2203 1974 2117 2057 1980 2149 1740 1707 2029 1832 2189 1975 2026 2130 1955 2005 1794 2086 1860 1953 1885 2040 1814 2018 1796 1753 1720 2010 1996 1956 1954 1690 1882 2096 1863 1806 1688 1961 2239 2113 1968 1813 1702 1960 2253 1882 1866 1863 2026 1912 2027 1917 1901 2243 1888 2108 1911 2064 1986 1696 1842 2132 1929 1985 1822 1635 2148 1865 2170 1916 1727 1994 2139 1862 1894 1801 1795 1877 1949 2010 2082 1762 1773 
1931 1748 1871 1915 1791 1932 1918 1757 1779 1707 1757 1947 1923 1756 1685 1640 1735 2123 1935 2243 1652 1804 2086 1598 1587 2042 1667 2015 1770 1876 2192 1702 1870 1782 1951 1737 1829 1811 1784 1715 2006 1739 1748 1756 1993 1747 1786 1779 1737 1954 1981 1841 1764 1674 1919 2108 1939 1790 1605 1553 1841 2310 1927 1651 1873 2098 1845 1854 1775 1843 2077 1854 1997 1773 1797 1815 1640 1935 1954 1826 1907 1824 1660 2033 1730 1903 1828 1668 1888 2208 1893 1856 1834 1806 1902 1824 1980 1936 1765 1453 
1844 2018 1904 1908 1779 1782 2133 1816 1882 1758 1864 2298 1774 1720 1776 1769 1870 2133 1880 2043 1763 1922 1962 1865 1735 1848 1820 1996 1954 2058 2180 1882 1897 1834 2077 1829 2003 1806 1804 1621 2003 1779 1833 1670 1989 1882 1754 1769 1648 1903 1976 1875 1776 1703 2007 1893 2062 1771 1751 1760 2077 2168 1755 1611 1913 2124 1813 1913 1830 1938 2015 1753 1978 1822 1944 1920 1622 2166 2066 1742 1864 1703 1772 2072 1853 1995 1780 1614 1962 2161 1869 1766 1796 1768 2000 1775 2081 1954 1593 1955 
2166 2183 2344 2270 2161 2117 2319 2127 2088 2051 2239 2411 2288 2051 1994 2107 2189 2347 2285 2656 2079 2232 2298 2290 2125 2216 2037 2407 2156 2247 2388 2279 2237 2199 2391 2020 2081 2185 2246 1918 2373 2156 2106 1951 2335 1947 2157 2037 2057 2240 2253 2133 2166 2102 2406 2355 2266 2157 2045 1943 2425 2361 2252 1995 2270 2153 2196 2361 2165 2203 2295 2163 2223 2166 2164 2171 2089 2166 2521 2104 2296 2093 1962 2342 2285 2277 2252 1813 2233 2452 2253 2060 2154 1971 2191 2150 2357 2432 2050 2197 
1966 1991 1949 1851 1865 1840 2050 1913 1798 1885 1961 2231 2054 1733 1771 1872 1896 2179 2087 2141 1930 2084 2103 1877 1723 2161 1994 2223 1875 2078 2288 1984 1878 1701 2086 1824 2017 1878 1985 1628 2162 1846 1861 1642 2063 1946 1837 1863 1713 1937 2158 1858 1948 1894 2177 2129 2170 1880 1798 1793 2157 2183 1835 1741 1841 1975 1935 1844 1883 1871 2120 1794 2026 2014 1951 1826 1833 2030 2112 1988 1972 1930 1642 2120 1792 2161 2041 1701 2041 2168 1802 2159 1784 1949 2066 1900 2168 1974 1762 1744 
1780 1842 1971 1954 1888 1866 2005 1797 1711 1904 1740 2144 2039 1696 1707 1874 1740 2131 1967 2051 1761 1846 2066 1805 1663 1939 1761 1946 2004 1975 2183 1986 1933 1818 2128 1819 1801 1890 1918 1708 2112 1801 1841 1685 1989 1776 1880 1941 1738 1951 2004 1934 1792 1776 1906 1972 2066 1805 1723 1720 2058 2235 1874 1788 1862 2002 1893 1914 1794 1903 2042 1866 1917 1842 1900 1814 1857 2002 2208 1772 1885 1791 1712 2049 1743 2121 1748 1660 1936 1924 1880 1921 1805 1697 1912 1917 2070 2004 1746 1735 
1938 1961 1932 2079 1939 1949 2147 2028 2010 1884 2161 2241 2072 1928 1824 1965 2037 2177 1967 2213 2081 2011 2180 1961 1742 2007 1838 2148 2062 2045 2307 1973 1989 1835 2066 1884 2117 1956 2067 1866 2344 1867 1944 1881 2009 1817 1999 2104 1826 2030 2308 1940 2030 1910 2066 2179 2190 1914 1891 1815 2290 2254 1999 1790 1842 1963 2037 2133 1927 1890 2209 1995 2069 1839 2009 2057 1864 1970 2275 1970 2159 1900 1705 2283 1928 2354 1998 1713 2064 2231 1817 2070 1980 1882 2070 2093 2273 2052 1840 1841 
2194 2154 2111 2354 2247 2183 2322 2350 1994 2046 2103 2336 2304 2101 2042 2131 2129 2188 2205 2466 2166 2247 2471 2141 2125 2098 2099 2321 2116 2327 2323 2270 2175 2110 2422 2249 2202 2079 2233 1933 2271 2247 1903 1984 2134 2083 2230 2098 2151 2196 2417 2056 2146 2088 2276 2313 2356 2095 2007 2130 2443 2503 2114 2069 2035 2230 2081 2174 2158 2128 2324 2155 2346 2333 2287 2063 1964 2213 2553 2055 2208 2107 1943 2275 2066 2237 2159 1925 2150 2225 2019 2183 2053 2054 2233 2173 2312 2217 1920 2057 
1912 1964 1844 2076 1877 1911 2145 2262 1894 1929 1760 2183 2160 1872 2052 1810 1997 2123 2017 2109 1914 1952 2219 1905 1706 2058 1857 2138 2103 2080 2390 1992 1965 1989 2180 1977 2106 1890 1922 1707 2091 1964 1923 2013 2077 1895 1897 1962 1777 1867 1996 1948 1928 2041 2200 2263 2048 1928 1934 1811 2047 2171 2048 1875 1890 1950 1986 2099 2148 1981 2020 1861 2166 2234 2026 1874 1901 1819 2274 1920 2000 1917 1720 2171 1934 2080 2056 1812 1962 2220 1949 2029 2059 1702 2094 2103 2250 2212 1827 1843 
2088 2045 2041 2139 2117 2015 2051 2013 1885 1851 2012 2325 2077 1883 1859 2056 1984 2232 2114 2233 1972 2071 2225 1841 1878 1994 1915 2220 2083 2185 2206 2117 2032 1930 2237 2035 2140 2056 2022 1890 2155 1894 1841 1882 2119 2041 1886 1831 1854 1900 2229 1986 2021 1872 2162 2193 2254 1944 1818 1829 2129 2287 1949 1836 2039 2090 2086 2102 2018 1965 2126 1897 2171 2095 2106 1868 1907 2066 2252 1895 1983 1796 1830 2283 1959 2125 1889 1853 2003 2140 1959 2036 2072 1947 2008 1974 2178 2155 1808 1903 
1923 1935 2133 2239 1790 2088 2024 2122 1824 1914 2052 2191 1985 1890 1904 1802 2006 2114 2060 2245 1918 1878 2140 1864 1647 2030 1836 2193 2192 2018 2200 2015 2020 1882 2178 1805 2016 2009 1964 1770 2035 1797 1919 1772 2158 1791 1931 1890 1850 2015 2163 1811 2129 1918 2128 2282 2150 1840 1979 1780 2113 2321 2083 1824 1935 2024 1946 1889 1997 2005 1969 1983 2124 1981 1984 1902 1860 2099 2253 1839 2099 1863 1797 2070 1878 2207 1933 1783 2037 2217 2028 2097 1993 1830 2016 2060 2141 2187 1822 1764 
2072 2013 2051 2012 2035 2072 2140 2095 2028 2004 1897 2246 2104 1931 1886 1862 2041 2358 2103 2325 2153 2059 2176 2091 1857 2117 1978 2287 2068 2103 2407 2065 2042 1912 2266 2050 2112 1957 1988 1894 2208 2012 2000 1907 2035 1921 1731 2020 1833 2173 2259 2063 2002 2018 2147 2079 2119 2077 1967 1920 2209 2304 2059 1946 1978 1957 2183 2138 2133 2078 2208 2020 2217 2285 2009 1981 1758 2105 2235 2000 2123 1804 1861 2032 2003 2243 2006 1799 1918 2181 2011 2074 1928 1895 2102 1959 2171 2135 1763 1812 
1756 1811 1802 1898 1716 1859 1837 1904 1825 1828 1894 1972 1742 1648 1652 1686 1736 1997 1885 1973 1734 1652 1885 1761 1653 1873 1679 1892 1882 1836 1872 1626 1749 1626 1787 1661 1972 1798 1764 1618 1739 1787 1707 1661 1877 1653 1552 1784 1689 1762 1991 1619 1841 1836 1883 2165 1960 1822 1680 1520 1791 2082 1791 1690 1939 1691 1855 1724 1794 1761 1888 1798 1890 1738 1776 1802 1505 1869 2084 1819 2027 1687 1560 1930 1811 2021 1805 1545 1884 1921 1771 1667 1658 1655 1640 1873 1902 1844 1777 1525 
1769 1694 1700 1819 1711 1847 1883 1634 1771 1752 1765 1986 1902 1603 1612 1673 1573 1992 1884 1968 1733 1665 1943 1743 1504 1802 1685 1906 1917 1693 2027 1704 1874 1665 1953 1604 1744 1724 1753 1749 1981 1602 1581 1804 1876 1742 1677 1812 1638 1737 1955 1758 1744 1794 1859 1921 1816 1648 1651 1681 1904 1961 1821 1654 1559 1798 1855 1766 1680 1636 1914 1725 1761 1697 1715 1758 1628 1884 1967 1622 1894 1774 1642 2001 1823 2019 1740 1587 1900 1951 1719 1724 1723 1517 1925 1806 1861 1956 1758 1608 
2131 2135 2077 2197 2191 2182 2143 2027 2128 2125 2133 2303 2270 1951 1947 2108 2063 2440 2237 2442 2206 2261 2267 2014 1931 2219 2084 2353 2137 2213 2432 2223 2243 1982 2349 2120 2179 1950 2222 2008 2308 2082 2015 2020 2113 2037 2082 2157 1970 2164 2268 2020 2044 1995 2368 2390 2411 2047 1937 2009 2272 2489 2114 1966 1875 2098 2105 2346 2197 2140 2283 2073 2250 2043 2203 2066 1862 2043 2387 2128 2210 2062 1919 2580 2098 2373 1997 1842 2103 2230 2123 2068 2100 2062 2168 2176 2372 2355 2056 1855 
2233 2028 2115 2303 2164 2112 2266 2304 1979 2073 2070 2382 2079 1825 1831 1886 2021 2193 2221 2325 2055 2087 2510 2128 1884 2246 2056 2244 2146 2305 2292 2032 2077 2000 2154 1834 2128 2091 2085 1948 2202 1849 2139 2021 2420 2003 2093 2058 2023 2057 2321 2033 2156 1882 2000 2414 2192 2049 1941 1871 2188 2368 2125 1959 1962 2171 2185 1991 2099 1978 2296 2059 2159 2013 2245 2013 1959 2058 2397 2110 2299 2153 1894 2259 2252 2274 2109 1721 2150 2194 2030 2119 2058 1864 2073 1940 2167 2382 1970 1944 
1883 1908 1777 2023 1889 1799 1878 2035 1644 1692 1803 2083 1774 1820 1659 1624 1923 2200 1884 2075 1779 1728 2114 1776 1526 1916 1893 2119 1948 2145 2096 1777 1804 1874 1849 1806 1980 1800 1904 1699 1947 1743 1811 1823 1882 1735 1777 1847 1705 1834 1836 1862 1787 1829 1856 2063 1988 1842 1453 1703 1820 2160 1899 1668 1855 1913 1888 1967 1977 1837 2080 1842 1874 1864 1956 1833 1673 1979 2240 1799 1961 1733 1655 2006 1875 2221 1940 1627 2031 2158 1812 1977 1905 1798 1765 1889 2094 2093 1697 1596 
2195 2015 2077 2095 2108 2027 2071 2066 2013 2038 2085 2517 2105 1844 1824 1974 2042 2291 2048 2288 2132 2042 2288 2116 1887 2127 1990 2165 2231 2349 2282 2086 2181 1977 2183 2025 2220 2092 2091 1983 2174 2014 2076 2057 2143 2005 1965 2079 1754 2053 2272 2109 2045 1938 2005 2274 2266 1912 1954 1963 2207 2515 2055 2016 1987 2048 2129 2149 2137 2080 2201 2162 2137 2080 2031 2087 1872 2216 2282 1977 2019 1941 1958 2131 2103 2237 2071 1816 2083 2197 2132 2001 1922 1963 2182 2015 2333 2220 1963 1943 
1862 1644 1834 1755 1752 1873 1792 1745 1868 1860 1674 1865 1960 1615 1612 1611 1756 1857 1699 1913 1799 1729 2000 1713 1636 1899 1772 1885 1854 1742 2039 1778 1646 1608 1885 1694 1737 1790 1645 1649 1878 1633 1796 1718 1790 1641 1656 1748 1664 1903 1997 1669 1873 1665 1912 1895 1928 1667 1662 1579 1923 2012 1717 1594 1553 1642 1805 1876 1642 1657 1776 1773 1716 1815 1710 1709 1432 1674 2042 1754 1776 1750 1599 1809 1696 1947 1742 1564 1705 1626 1774 1774 1607 1431 1752 1562 1838 1916 1617 1584 
1917 1939 2025 2093 1936 2077 1996 1878 1764 1834 1906 2132 2031 1818 1719 1822 1803 2118 2074 2176 2021 1966 1993 1850 1781 2056 1816 2092 1986 2088 2207 1967 1836 1871 2069 1775 1939 1864 1840 1768 2053 1797 2018 1772 1978 1896 1891 1881 1828 1834 2104 1881 1927 1829 2138 2204 2162 1848 1679 1782 2017 2186 1998 1812 1872 2069 1883 1975 1961 1837 2029 1994 1941 1828 1932 1807 1626 1907 2227 1790 1953 1840 1741 2203 1786 2163 1846 1653 1938 2174 1945 1992 1773 1752 1970 1982 2226 2091 1832 1815 
2091 1904 1944 1942 2049 2202 2111 2063 1930 1938 1823 2061 2008 1874 1808 1849 1909 2160 2211 2289 1931 1961 2175 1934 1898 1871 1943 2105 2028 2160 2135 1813 2067 1831 2126 1891 2066 1953 2059 1824 2086 2018 1759 2078 1972 1858 1950 2068 2007 2009 2132 2124 1933 2026 2120 2157 2156 1869 1691 2044 2105 2351 2028 1925 1808 2012 1878 1980 1957 1939 2123 1937 2184 1966 2046 1896 1915 1952 2274 1844 2002 2118 1951 1968 1908 2162 2130 1703 2023 2276 1975 1927 2066 1846 1961 1979 2072 2071 1879 1899 
1939 1991 1890 2090 1975 1810 1957 1796 1916 2003 1858 2073 2022 1736 1888 1809 1875 2144 1980 2081 1846 1827 2043 1760 1755 2027 1802 2048 2052 2022 2138 2010 1907 1855 2167 1892 2100 2005 1988 1800 1981 1863 2023 1932 2071 1857 1778 1893 1750 1951 1961 1858 1927 1879 1965 2141 2038 1801 1726 1646 1917 2060 1843 1761 1973 1999 1917 1956 2016 1825 1998 1973 1992 1885 2124 1889 1695 1932 2216 1847 1991 1869 1667 2260 1949 2205 1784 1479 1931 2140 1930 1895 1864 1773 1952 1848 1995 1971 1912 1638 
2059 2064 1979 2008 1976 2047 2106 1992 2100 1983 2157 2371 2071 1782 1994 1965 1981 2301 2178 2257 1977 2094 2243 2008 1831 2024 1894 2245 2102 2199 2309 2126 2100 1852 2226 2036 2144 2019 2094 1892 2126 1987 2044 1800 2124 1994 1944 2082 1876 1985 2241 1894 1958 2016 2168 2311 2308 1989 1869 2008 2165 2291 1874 1817 1856 1947 2108 2065 2022 2028 2335 1879 2095 2045 2043 1971 1876 2035 2324 1965 2128 1992 1799 2352 2015 2378 2097 1868 2054 2293 1996 2085 2041 1978 2096 1980 2235 2200 1957 1886 
